78
244
28
156
595
780
35
246
470
266
748
924
978
496
15
28
256
590
19
686
1
990
10
496
-161
-6
-628
-528
-6
-28
-10
-552
-419
-949
-703
-425
-303
-650
-957
-28
-542
-28
-31
-682
-496
-378
-903
136
3
564
212
28
520
458
505
601
962
438
28
375
132
201
554
687
812
190
28
325
496
28
28
6
66
435
-903
-572
-580
-776
-219
-425
-100
-367
-347
-874
-435
-222
-601
-158
-485
-496
-95
-210
-312
-465
664
204
748
879
21
6
664
916
661
900
423
787
244
995
407
6
922
726
643
120
-1000
-15
-573
-231
-325
-268
-94
-990
-6
-414
-15
-668
-158
-28
-105
-298
-820
-28
-754
-994
-300
-66
0
